12836
7380
9459
6261
12418
10601
23743
30111
35611
41173
36413
36515
5657
10624
9926
15890
16900
16266
17612
86889
6894
7056
96472
6036
48442
53867
34147
42103
56530
40681
12223
27169
38795
101548
42206
10834
12027
54710
42291
19456
60287
61703
131791
132879
34826
128059
129365
135060
136538
139049
140476
7544
10671
24639
19227
25841
17349
4733
14313
23634
20750
18642
32204
20857
62588
63539
60969
59922
61256
65472
64424
64666
6607
69032
75773
74619
7323
69740
13376
19078
20790
15730
34447
70840
33810
7466
80002
60690
89406
60128
78938
75557
13820
80328
78064
49503
55313
78244
114167
115332
95310
96499
2228
5989
8112
2465
8092
8068
19322
2962
8146
8959
28136
31278
38527
16936
7986
31098
33218
54922
58448
61095
3902
63711
11896
25619
5636
12209
45099
3620
76799
78657
7968
7829
15050
18284
6489
39749
19086
4715
49728
94835
97497
99779
11030
104156
28377
8099
11527
106631
107097
108982
109880
