10878
9853
13575
8641
11197
11145
23656
22086
10033
3350
24751
8780
13836
14677
63864
12501
10962
45784
44629
10940
39950
9445
26662
24234
49286
16848
33692
105537
114329
12734
11267
18116
123291
82927
126647
144674
59628
142829
129383
131690
132363
145589
134533
145793
141359
132695
125959
135437
146744
142098
149008
4025
6832
5961
7049
30670
11784
22107
26809
14232
13562
11832
20563
2534
14125
11797
22937
9973
51110
33997
40212
41144
46010
35123
81223
75581
55580
4553
7459
75439
24442
4088
6680
14803
12814
7047
11952
22603
9219
49058
5621
53146
46913
36679
51037
37997
39388
55415
43008
67625
47394
41617
5192
6700
11452
4697
12403
11138
4107
9590
4547
8102
10963
10468
10636
8214
9425
5886
4762
5767
5858
6135
6001
5206
6179
29074
8310
6118
16759
6959
51131
81755
31593
6561
9882
10801
6093
15873
6632
6205
5307
52161
5667
61777
11474
66634
6903
12181
19144
24718
105911
7104
7991
4810
7089
3196
12349
11220
7792
14973
18153
7438
19944
7304
7467
6984
7936
12041
7630
12355
4437
7786
27532
8943
10830
7212
26632
46988
14068
68882
55265
3449
3888
12471
56724
48115
57476
8326
69298
44133
45889
35785
5324
60791
38850
52864
54480
63202
13001
44957
5238
5494
3746
5601
9911
8305
14058
22727
14532
14934
13821
3847
36356
7344
29404
10925
9820
3808
10885
3922
13703
3167
9909
29176
53222
38359
4844
15235
40381
84648
25392
9844
11302
13099
55582
49134
35022
7238
4620
22128
50802
4365
12092
5686
10791
63554
6169
19900
57642
14149
6168
6353
5995
5947
2690
3680
6803
7909
9363
3849
6046
6665
8941
6382
4833
4334
29597
34200
22182
5169
6798
6865
10007
2267
3248
7105
11976
13427
16492
21947
20989
23608
13005
30528
22146
8989
9784
4609
8940
16495
14722
21898
29579
15197
6874
3081
36781
10870
4789
11693
10309
37314
9298
11362
3270
3842
2186
7180
8892
6235
2623
14523
5463
5264
16222
11606
8043
7904
9883
19484
11117
25343
13948
23043
49780
46454
53520
28527
19654
59149
6411
43972
39115
34868
33786
34722
27007
67334
15374
77085
72876
70738
81023
73500
80962
84010
79113
77007
79033
81226
82654
84170
90332
91161
92479
95893
96761
6025
7705
2604
4103
7461
5185
6114
4893
6598
3167
14168
24786
11741
25280
32820
5985
45732
60282
66285
75254
48606
6300
50931
2228
3914
5095
54405
53249
3949
59127
6340
4786
4856
15845
7074
6134
8714
15859
11243
11938
9371
28614
15924
6697
67964
6683
15322
4485
5398
6256
4293
4595
4883
5196
13878
9184
15394
29467
34827
6193
7900
11030
18747
6959
21203
21443
21083
26492
32807
54424
32118
24877
5627
4578
10214
32389
7835
12137
22944
18391
9655
15928
4080
23265
7803
24462
4028
3539
8666
10088
4065
3994
3587
4894
4956
15160
6461
7675
11839
7189
21576
4337
5530
5881
7085
2568
6746
11627
7756
7732
8517
23463
16020
11905
5904
16962
7996
30916
25988
5809
9744
11502
42177
29405
38818
70092
52386
44683
52713
78301
79772
82049
83205
46848
89545
91763
94612
97740
99708
100772
103721
105513
106670
107825
103936
110018
42985
69123
93697
115289
97039
99453
100666
